.Random.seed <-
c(403L, 272L, 1831312980L, -1023178576L, -480347767L, 1025092807L, 
-2100484111L, -813902407L, 1610974884L, -1941173693L, -2116173342L, 
294737220L, -555594318L, 1726757930L, 1661186342L, 201900053L, 
2057094652L, 1299911947L, -709533021L, -241596817L, -441305257L, 
1264712037L, 1111274400L, -1734704183L, 2113878627L, -1578984390L, 
-368262172L, 598504749L, -29530162L, -908953715L, -1546578169L, 
652986617L, 1589462015L, -1199976679L, -1876809620L, 688956797L, 
1629169733L, -2138384248L, -2049417722L, -367104644L, 755359835L, 
1558929975L, -1560132406L, 2046991927L, -2047907188L, 1148482193L, 
108122110L, -2142126464L, 1983211246L, -475050098L, 1841194215L, 
-1130324212L, 262453856L, -297066049L, -442177568L, 1683446616L, 
2030867924L, -1118774023L, 1657279844L, -442297377L, -1969620899L, 
1254235838L, 1137629572L, 1993650376L, -178567513L, -1240470317L, 
-816089808L, 1929917487L, 2040097122L, -2007735963L, 874744752L, 
2082116582L, -257071017L, 809270676L, 221420797L, 423617897L, 
635586966L, -1495705845L, 973157304L, -494374663L, 1368347198L, 
1119561810L, -293717456L, 1184857561L, -804810000L, 801491688L, 
-2110834683L, -233260378L, -1175842761L, 715958564L, -13682654L, 
1985102903L, 1094125533L, 158614415L, 193321993L, 401039569L, 
500774727L, -1551501453L, -738950698L, 1847257980L, -1450039502L, 
-667102723L, 1999913072L, -178548668L, 700276056L, 1452709487L, 
1115582686L, 1963057313L, -136462722L, -1286308944L, 616748154L, 
325057461L, 1174893129L, 1889018224L, -1076891551L, 115983795L, 
1994102378L, -1051533916L, -1496737888L, -2062550099L, -502614242L, 
-342763699L, 751197469L, -1061286181L, -1439677194L, -1308745543L, 
70240638L, -539815032L, 639841598L, -549378475L, -377275479L, 
1843102848L, -358419598L, 301740286L, 1440943630L, 1408897997L, 
-1619075771L, 1587763059L, 1442198597L, 825187481L, -1184546819L, 
1923702666L, 426433846L, -2088561277L, 1438317777L, -1795536286L, 
-1462100268L, -1233206945L, 251286691L, -1367540694L, 1798372854L, 
-1515754028L, -591281121L, -759199602L, -2129364846L, -1156364124L, 
-1024201705L, -903050893L, -1391009580L, 110630697L, -2049462152L, 
2053558048L, 1438199500L, -765713795L, -580331447L, 1887331331L, 
-833041538L, 1310176310L, 979216519L, -1104660253L, 940105177L, 
-209683754L, 1685830354L, -788389346L, 264388121L, 1638339553L, 
-2062154955L, 1777111793L, 2061742759L, -2043762794L, -1059390116L, 
-1233515688L, -1468585636L, -1462383274L, -109642513L, -1502993120L, 
636309648L, 7084712L, 2097788606L, -366566998L, 944661508L, -923137354L, 
1749368776L, -35481271L, -1507282566L, 62515414L, 1734967469L, 
1106831687L, -1361491203L, -650459625L, -1374352691L, -551190857L, 
1016985627L, 2086668728L, 1412047659L, -1827539729L, 1975568026L, 
-954604843L, -1282167968L, -96866552L, -2087280599L, -556879622L, 
-716532973L, -1102966792L, -1426920632L, 1998410704L, -526130009L, 
-837314279L, -1900130547L, -1720941014L, 830814020L, 1045388924L, 
599187416L, 1251845604L, 32840444L, 1015028268L, 1971183123L, 
-1254512236L, -1704832652L, -1274885052L, -1621598297L, -1738926710L, 
878376766L, 1003334122L, 444997967L, 29398005L, -384624652L, 
-1696976290L, 779182061L, 915446722L, 1177766874L, 529974587L, 
469466069L, 983858407L, 1993155132L, -1137483395L, -2029202346L, 
1603669189L, -438248649L, 269176052L, -48082789L, -596885914L, 
-988158564L, 48607649L, 783006279L, -792370393L, -175352478L, 
-2131704909L, -733033628L, -1103182656L, -1825043082L, -1426136790L, 
1627692426L, -836581610L, 1884888444L, 550098155L, 1192901899L, 
-1386099163L, 527305483L, -1624471398L, 1686203589L, 88220305L, 
-146292134L, -396815029L, 1042791847L, 1741838144L, -501922412L, 
-1137020097L, -179209124L, 1449798112L, -1147680687L, 1002621250L, 
1391953602L, -9179133L, -1879764513L, -422539577L, -919902344L, 
642670456L, 1950112223L, -10269253L, -386609924L, 328210672L, 
1331412460L, -153207430L, -1139201195L, -1041443182L, 1222727581L, 
-947743520L, -1154912628L, 781334987L, -524009419L, -1347333527L, 
810521342L, -1814885847L, 1069295894L, 2034821835L, 326781765L, 
-1863594447L, -1333613446L, -1274011614L, -694631121L, 713719680L, 
-1105127783L, -442491700L, 497676611L, 290539544L, 770920910L, 
886368116L, -1331240077L, 421978179L, 1626866111L, 888053679L, 
-1911425043L, -180845473L, -1013489451L, -817663414L, -1281068566L, 
1191682020L, 1697167762L, 924131844L, 782421494L, 1895804861L, 
-353077532L, -598908649L, -859129966L, -282342652L, 1764940540L, 
542355767L, -425297763L, -253699397L, -1658185199L, 311365496L, 
-2127694348L, -1238941364L, -1123440183L, -2046123386L, 513622650L, 
-1609833476L, 1585016917L, 589823676L, -584714886L, 409570122L, 
300623076L, -1202277585L, 553155305L, 641704451L, -705512981L, 
1390537746L, -906201643L, -1825190052L, -891924591L, 1416962614L, 
1391001291L, 320949421L, 1069313552L, 254175124L, -1312453071L, 
-1864662630L, -1463110121L, 1966165441L, -1014213838L, -126119163L, 
1687393331L, 1836102521L, 372655110L, 1922573788L, 1831628185L, 
685275515L, -1366979023L, -1429123682L, 994395397L, 1300461840L, 
-1775452634L, -156190170L, -184351110L, 888543116L, 807188625L, 
-2139874243L, -419427297L, -462450813L, 1637189199L, 1067072654L, 
-1111602695L, -2101287611L, 110797129L, 470576093L, 716867244L, 
881339222L, -1797556871L, -379293689L, 591786002L, 383002925L, 
600110062L, 1702346047L, -1975546849L, -2102632660L, -2018920443L, 
-1609089815L, 1231976374L, -2056828324L, -236504514L, -489074355L, 
-107453640L, 2118385773L, 771600714L, 171758099L, 274227544L, 
-1087769666L, -937686014L, 313057157L, 104936486L, -1995583307L, 
-2027090162L, -866687324L, -318366232L, 668978512L, -997540051L, 
582516577L, 372457446L, -544108109L, -669928493L, -374478514L, 
-1328568502L, -1226909704L, -1301539493L, -422241247L, 1118217563L, 
216417134L, 1359596594L, 1951525810L, -2003358948L, 794024225L, 
588131495L, -1664393046L, -66963580L, -2038921632L, 230857865L, 
-1078790144L, 350801644L, 349498408L, 891112254L, 1460550889L, 
-914675402L, -1308291883L, -482873883L, -289224209L, 2082602081L, 
-900691692L, -481726320L, -689269547L, -2055766530L, -863846933L, 
1470254024L, -598358740L, -1560052260L, -1930469969L, -1916525794L, 
564853794L, 1682336472L, -623104104L, -1865550161L, 1466924560L, 
-1688998255L, 2041186268L, 673279411L, 1487092630L, 14577642L, 
-51813062L, 1459065531L, -1950730671L, -1250602931L, -693143309L, 
-2072788954L, -985452482L, -2078649442L, -210848991L, -590100186L, 
-636563825L, -2058131859L, 1907360976L, -2139350944L, -1858871850L, 
1486375920L, 527122762L, -1990498233L, -317572682L, -2084459980L, 
302046138L, 1121505702L, -2051495566L, -1361153406L, -1882150091L, 
881252291L, 1022650656L, 894851990L, 259374009L, 746124531L, 
-730418407L, 1308681031L, 1332322580L, -908950658L, -2000368818L, 
1609904307L, -1906040210L, -1569348867L, 179351946L, 1396305267L, 
-1699086509L, -679474959L, -272385646L, -1952204983L, -2009202611L, 
1104069462L, -1548524593L, 628729963L, -1648783274L, -518590968L, 
-1134235846L, 241218495L, -857490500L, 882950932L, -240107100L, 
-317511300L, -1333341239L, -886351903L, 902800100L, -190824697L, 
306054800L, -3614785L, -1892101711L, -1213336958L, 438088250L, 
-1133578920L, 1516627280L, -342415448L, 582691838L, -222753190L, 
1931352209L, -823425306L, -163510111L, 49620067L, 51503923L, 
1370902938L, 1081121951L, -753382630L, -1974475135L, 825852542L, 
-258751356L, -2080254257L, -292842573L, -815911329L, -584351161L, 
-1453206669L, 302185417L, -907406188L, -1333054072L, -1405097881L, 
-533368775L, 1672948426L, 573080489L, 469460356L, 2131273464L, 
1102402552L, -1583573229L, 1131714331L, 1154921892L, -1004647824L, 
1351021353L, -859358298L, 1058452282L, 1323642678L, -1776089284L, 
414841421L, -912139301L, 1243540186L, -1516100621L, 965480064L, 
-48126885L, 1242387672L, -1437041504L, -1111284124L, -1231506507L, 
